262.0
213.0
1.0166972875595093
0.0
242.0
265.0
0.8999960422515869
1.0
219.0
265.0
0.815157949924469
2.0
229.0
178.0
0.715776801109314
3.0
257.0
113.0
0.8924773931503296
4.0
270.0
273.0
0.8189130425453186
5.0
306.0
216.0
0.6483120918273926
6.0
311.0
174.0
0.617904007434845
7.0
217.0
404.0
0.7438197731971741
8.0
315.0
483.0
0.7805927395820618
9.0
240.0
556.0
0.33662736415863037
10.0
254.0
553.0
0.3139733374118805
11.0
228.0
648.0
0.15740002691745758
12.0
229.0
403.0
0.7705797553062439
13.0
294.0
489.0
0.1773628145456314
14.0
293.0
490.0
0.17731724679470062
15.0
291.0
491.0
0.17719025909900665
16.0
288.0
493.0
0.17685657739639282
17.0
240.0
559.0
0.7296271920204163
18.0
250.0
557.0
0.12160690128803253
19.0
227.0
679.0
0.7305732369422913
20.0
252.0
202.0
0.919526219367981
21.0
274.0
204.0
0.9570436477661133
22.0
234.0
216.0
0.6327919960021973
23.0
284.0
223.0
0.4484824538230896
24.0
